102953869
102952329
102949687
102949138
102948167
102862400
102824347
102805283
102798675
102785702
102630837
102630530
102568731
102548772
101932985
101932961
101927004
101866676
101861705
101816472
101816424
101756720
101755451
101740784
101681656
101681530
101558151
101533110
101373554
101373164
101373093
101372786
101372245
101372044
101371946
101214992
101214723
101001297
100962778
100933406
100912487
100568589
100538440
100529357
100390211
100370647
100361820
100353788
100306277
100234459
100234045
100047773
100041790
100027002
99999279
99768261
99761971
99522881
99521721
99509530
99509198
99509065
99156019
99138452
99127238
98933306
98918307
98913885
98910531
98734879
98734814
98703639
98692143
98509964
98472622
98463629
98445302
97514911
97492443
97467333
97459716
97448579
96990968
96712463
96708593
96692555
96662065
96652837
96574428
96547755
96535926
96193511
96121503
96109134
96100137
96089151
96085114
95901302
95880249
95856429
95754168
95748260
95742865
95257568
95235831
95234280
95203278
95116798
95098373
94875396
94807895
94807205
94322047
94302772
94126810
94124032
94122980
94121822
94120812
93986360
93979734
93971941
93781840
93722189
93665752
93652413
93286825
93240227
93223657
93219235
93209055
93190929
93188505
93186700
93185883
92859419
92856577
92819378
92808971
92803003
92744133
92617545
92600186
92583642
92265064
92240534
92227088
92079773
92076986
92032435
92023172
91865734
91842112
91838134
91832362
91801441
91423441
91423300
91372264
91352964
91283216
91279279
91276124
91266981
91265141
90621930
90598739
90588544
90576753
90243634
90242641
90110895
90107343
90030540
90027409
89895702
89888003
89710065
89703971
89665210
89454363
89420971
89409424
89109402
89108704
89074636
89074411
88946677
88945366
88663503
88388961
88287750
88286186
88284538
88282846
88281425
88281129
87940161
87935096
87590005
87574661
87544420
87524441
87468554
87388970
87388326
86859816
86857543
86855096
86697391
86679513
86675999
86669471
86044453
86044408
85955336
85943670
85722440
85658919
85643346
85625221
85450828
85450354
85449838
85449154
85448124
85106138
85105628
84820752
84818380
84818371
84388871
84377917
84376407
84376202
84324596
84323515
83719266
83706017
83704991
83470521
82872002
82845527
82828289
82808799
82789456
82577216
82547272
82518036
82501205
82493628
82123028
82070515
82055077
80963004
80734654
80734312
80608772
80481774
80472740
80463572
80419474
80418059
80356986
80334697
80317941
80181937
80180482
80180415
80178234
80176900
79872642
79819721
79656553
79562929
79527205
79509447
79496739
79488061
79475966
79338414
79166915
79148947
78892766
78663452
78221075
78156488
78144675
77812312
77777425
77525809
77504585
77489567
77273693
77271308
77270884
77160649
77160033
76950129
76909703
76833054
76819010
76779419
76775069
76615858
76529701
76511020
76502352
76401692
76361578
76353190
76130560
76116958
75923345
75885544
75862906
75853613
75433543
75388347
74990135
74985703
74936495
74921040
74477227
74459071
74433350
74399556
74144132
74095801
74077409
73719419
73710854
73710677
73689380
73686511
73289956
73258017
73229191
73224982
73110205
73108846
73106570
73106485
73091178
73086025
73085969
73085544
72847382
72821022
72801921
72795819
72700334
72699250
72656761
72648994
72628994
72474607
72446651
72425653
72366855
72321773
72315956
72210058
72209749
72191414
72180657
72072204
72071628
72068931
72012779
72011693
72011673
72011156
71822022
71781808
71775264
71770056
71715340
71711290
71706556
71334352
71331845
71297433
71291857
71170103
71138579
71128467
70989749
70896047
70850763
70577815
70576712
69227517
69225410
69222986
69222490
66159863
66159287
66158739
65605169
64860199
64499437
64499166
64158635
64156128
63620262
63619555
63619221
63619081
62726834
62703485
62696709
62366793
62152453
62139567
62133172
62130563
62122326
61068218
61067805
60884516
60869161
60858086
60854129
60797347
60793437
60782697
60625464
60623893
60408346
60407868
60407497
60393452
60392389
60210337
60132840
60127961
60072851
60072838
60070975
60070035
60069783
59706228
59675270
59610187
59471964
59435772
59435244
57768895
57691633
57679408
57679237
57670165
57662022
57649329
57535656
57516475
57513451
57433249
57432490
57430869
57430753
57430534
57421452
57418092
57405239
57397055
57373799
57282557
57278434
57254592
57253286
57251869
57059510
57036765
57032236
57026069
57015396
56862028
56861714
56674170
56565509
56538614
56538169
56493698
56462352
56462061
56435446
56369470
56360640
56360546
56324856
56316213
56217273
56193697
56113786
56098207
56086884
56081361
55948771
55948649
55948154
55944957
55896319
55878778
55509374
55475572
55475443
55376767
55375999
55375472
55316711
55283174
55224371
55218055
55215752
55062403
55059958
55059891
55059359
55036111
55024856
54999233
54998244
54997679
54898995
54406340
54360784
54249411
54231066
54211125
54210219
54209919
54208815
54055060
54054667
54015028
54015009
53827267
53714504
53646170
53645785
53513436
53508205
53504562
53379407
53355797
53336273
53329941
53261796
53238260
53227879
53190644
53189863
53146217
53142565
53137251
53107650
53107565
53099329
53098932
53048452
53039979
52984293
52978816
52973026
52962530
52956949
52866645
52855517
52842629
52836406
52795075
52751241
52727415
52717355
52690904
52686118
52405395
52398834
52389316
52382777
52169060
52127239
52105177
52097968
52087219
52085342
52048964
52037608
52032689
51807307
51765055
51765032
51764988
51764980
51764968
51764956
